Resultados:

M1 x S1 x R1
1 71.40 10
2 73.80 9
3 71.80 10
4 75.10 10
5 73.50 9
6 73.80 9
7 75.40 9
8 74.30 10
9 73.90 10
10 73.20 10
MEDIA 73.62 9.6

M1 x S1 x R2 
1 56.40 13
2 53.70 14
3 55.70 13
4 56.50 13
5 57.10 13
6 59.70 12
7 57.60 14
8 57.90 12
9 56.30 12
10 57.80 12
MEDIA 56.87 12.8

M1 x S2 x R1
1 47.40 20
2 45.90 20
3 43.20 21
4 45.60 21
5 45.70 21
6 47.70 20
7 45.70 21
8 44.80 22
9 46.40 20
10 48.70 20
MEDIA 46.11 20.6

M1 x S2 x R2
1 45.20 23
2 46.50 22
3 45.30 23
4 45.30 23
5 47.40 22
6 49.10 21
7 45.90 22
8 44.80 22
9 44.80 23
10 46.40 22
MEDIA 46.07 22.3

M2 x S1 x R1
1 88.10 8
2 86.20 8
3 88.60 7
4 87.70 7
5 86.10 7
6 87.70 7
7 88.10 8
8 87.00 8
9 88.70 8
10 86.30 7
MEDIA 87.45 7.5

M2 x S1 x R2
1 66.10 11
2 65.20 11
3 62.10 12
4 63.40 12
5 64.30 12
6 62.30 14
7 63.90 12
8 67.10 11
9 65.40 12
10 65.10 11
MEDIA 64.49 11.8

M2 x S2 x R1
1 53.20 19
2 57.30 18
3 56.60 20
4 54.20 18
5 54.50 19
6 56.50 18
7 58.90 17
8 56.10 18
9 55.80 18
10 57.90 17
MEDIA 56.10 18.2

M2 x S2 x R2
1 54.50 20
2 53.90 21
3 55.00 20
4 53.90 20
5 51.80 21
6 54.90 19
7 52.90 21
8 55.40 20
9 55.50 20
10 51.50 22
MEDIA 53.93 20.4
