Resultados:

1a variação: Taxa de mutação de 30%

M3 x S1 x R1
1 92.10 6
2 93.30 7
3 91.20 7
4 92.10 7
5 91.80 6
6 93.60 6
7 92.50 7
8 93.50 6
9 92.90 7
10 92.80 7
MEDIA 92.58 6.60

M3 x S1 x R2
1 71.80 10
2 69.60 10
3 70.60 10
4 71.80 10
5 67.50 11
6 70.30 10
7 68.50 11
8 69.00 10
9 72.20 9
10 65.70 11
MEDIA 69.70 10.20

M3 x S2 x R1
1 66.70 15
2 65.80 16
3 67.40 15
4 65.40 16
5 62.40 16
6 64.70 16
7 64.60 16
8 64.70 16
9 66.10 16
10 63.40 16
MEDIA 65.12 15.80

M3 x S2 x R2
1 62.90 17
2 58.90 19
3 56.10 19
4 61.10 18
5 58.40 19
6 61.20 17
7 59.20 19
8 59.30 18
9 56.90 19
10 59.50 18
MEDIA 59.35 18.30

2a variacao: aumento no tamanho da populacao para 150

M3 x S1 x R1
1 94.00 8
2 92.40 10
3 92.80 12
4 92.00 12
5 93.20 11
6 92.60 11
7 94.80 9
8 95.00 11
9 94.10 11
10 91.80 12
MEDIA 93.27 10.70

M3 x S1 x R2
1 83.80 16
2 79.00 14
3 76.00 16
4 76.60 17
5 79.80 15
6 80.40 17
7 77.40 16
8 79.00 21
9 76.80 17
10 77.40 16
MEDIA 78.62 16.50

M3 x S2 x R1
1 82.40 14
2 84.60 13
3 86.60 13
4 83.00 14
5 84.30 13
6 83.50 13
7 83.20 15
8 84.00 13
9 83.10 13
10 81.90 15
MEDIA 83.66 13.60

M3 x S2 x R2
1 64.20 20
2 68.10 18
3 66.60 19
4 67.20 18
5 64.20 19
6 63.60 20
7 69.50 17
8 61.40 21
9 66.50 19
10 66.10 19
MEDIA 65.74 19.00